17.959
19.027
20.159
21.357
22.627
23.973
25.398
26.909
28.509
30.204
32.000
33.903
35.919
38.055
40.317
42.715
45.255
47.946
50.797
53.817
57.018
60.408
64.000
67.806
71.838
76.109
80.635
85.430
90.510
95.892
101.594
107.635
114.035
120.816
128.000
135.611
143.675
152.219
161.270
170.859
181.019
191.783
203.187
215.269
228.070
241.632
256.000
271.223
287.350
304.437
322.540
341.719
362.039
383.567
406.375
430.539
456.140
483.264
512.000
542.445
574.701
608.874
645.080
683.438
724.077
767.133
812.749
861.078
912.280
966.527
1024.000
1084.890
1149.401
1217.748
1290.159
1366.876
1448.155
1534.266
1625.499
1722.156
1824.561
1933.055
2048.000
2169.781
2298.802
2435.496
2580.318
2733.752
2896.309
3068.533
3250.997
3444.312
3649.121
3866.109
4096.000
4339.561
4597.604
4870.992
5160.637
5467.504
5792.619
6137.066
6501.995
6888.624
7298.242
7732.218
8192.000
8679.122
9195.209
9741.984
10321.273
10935.008
11585.237
12274.132
13003.989
13777.247
14596.484
15464.437
16384.000
17358.244
18390.418
19483.969
20642.547
21870.016
23170.475
24548.264
26007.979
27554.494
